1.522857142857143020e-01 0.000000000000000000e+00
1.768571428571428794e-01 0.000000000000000000e+00
2.014285714285714568e-01 1.045637003074997651e+01
2.260000000000000064e-01 1.156806422508239685e+01
2.505714285714286116e-01 1.852823657220715736e+00
2.751428571428571335e-01 2.384503489292755685e+00
2.997142857142857109e-01 1.095582684269641893e+00
3.242857142857142883e-01 1.836712147157929298e+00
3.488571428571428656e-01 1.031136644018486592e+00
3.734285714285714430e-01 1.369478355337052422e+00
3.980000000000000204e-01 2.529507079857849838e+00
4.225714285714285978e-01 3.045075401867100240e+00
4.471428571428571197e-01 7.894639930766537139e-01
4.717142857142856971e-01 4.994568119464544154e-01
4.962857142857142745e-01 2.900071811301993541e-01
5.208571428571429074e-01 3.866762415069324166e-01
5.454285714285713738e-01 0.000000000000000000e+00
5.700000000000000622e-01 1.450035905650996770e-01
5.945714285714285285e-01 3.544532213813547661e-01
6.191428571428572170e-01 0.000000000000000000e+00
6.437142857142856833e-01 1.933381207534662083e-01
6.682857142857143717e-01 0.000000000000000000e+00
6.928571428571428381e-01 2.738956710674104733e-01
7.174285714285714155e-01 0.000000000000000000e+00
7.419999999999999929e-01 6.444604025115541202e-02
7.665714285714284593e-01 2.255611408790439143e-01
7.911428571428571477e-01 1.127805704395219571e-01
8.157142857142856140e-01 1.933381207534662083e-01
8.402857142857143025e-01 0.000000000000000000e+00
8.648571428571427688e-01 0.000000000000000000e+00
8.894285714285714572e-01 0.000000000000000000e+00
9.139999999999999236e-01 0.000000000000000000e+00
9.385714285714286120e-01 0.000000000000000000e+00
9.631428571428570784e-01 0.000000000000000000e+00
9.877142857142857668e-01 0.000000000000000000e+00
