1.277142857142857246e-01 5.025212582509578588e-04
1.321593682699210570e-01 1.223478356118085173e-03
1.366044508255563616e-01 2.749368605553982256e-03
1.410495333811916940e-01 5.740596342094415883e-03
1.454946159368269987e-01 1.123536238050854008e-02
1.499396984924623311e-01 2.083291474536411864e-02
1.543847810480976357e-01 3.701180562464581603e-02
1.588298636037329681e-01 6.361139556273417983e-02
1.632749461593682727e-01 1.063526501620185860e-01
1.677200287150036051e-01 1.730651525836289784e-01
1.721651112706389097e-01 2.732405111238083162e-01
1.766101938262742421e-01 4.168818457331942007e-01
1.810552763819095468e-01 6.132748337803114458e-01
1.855003589375448791e-01 8.706666856587090830e-01
1.899454414931802115e-01 1.197194334534313009e+00
1.943905240488155162e-01 1.601827345758553234e+00
1.988356066044508208e-01 2.092917699228782791e+00
2.032806891600861532e-01 2.672863701931672331e+00
2.077257717157214856e-01 3.330555765158355719e+00
2.121708542713567902e-01 4.036391142768932738e+00
2.166159368269920948e-01 4.744604451294157421e+00
2.210610193826274272e-01 5.403589378726526782e+00
2.255061019382627596e-01 5.969546609178727259e+00
2.299511844938980643e-01 6.416419520238823893e+00
2.343962670495333966e-01 6.737573130250075870e+00
2.388413496051687290e-01 6.939949699327345733e+00
2.432864321608040337e-01 7.035462460429352305e+00
2.477315147164393383e-01 7.034637102223349814e+00
2.521765972720746429e-01 6.944587714355724195e+00
2.566216798277100031e-01 6.769991304607042792e+00
2.610667623833453077e-01 6.514301865746858766e+00
2.655118449389806123e-01 6.179729033227418178e+00
2.699569274946159725e-01 5.767100734757924840e+00
2.744020100502512771e-01 5.278130146853512450e+00
2.788470926058865818e-01 4.721139376015463185e+00
2.832921751615219419e-01 4.117779900979253505e+00
2.877372577171571910e-01 3.505782277968048977e+00
2.921823402727925512e-01 2.933981798970917154e+00
2.966274228284278558e-01 2.450481102072409989e+00
3.010725053840631604e-01 2.089422421615580561e+00
3.055175879396985206e-01 1.862890678479788731e+00
3.099626704953338252e-01 1.761299721875893232e+00
3.144077530509691298e-01 1.760769440396878327e+00
3.188528356066044900e-01 1.832810535381030892e+00
3.232979181622397391e-01 1.951679041864420761e+00
3.277430007178750992e-01 2.097264243371693926e+00
3.321880832735104039e-01 2.254316713397285454e+00
3.366331658291457085e-01 2.410448757227971583e+00
3.410782483847810687e-01 2.555039614965892714e+00
3.455233309404163733e-01 2.679600632203202437e+00
3.499684134960516779e-01 2.778633846316100886e+00
3.544134960516870381e-01 2.849630569291168314e+00
3.588585786073223427e-01 2.891718878823150707e+00
3.633036611629576473e-01 2.903758622749471829e+00
3.677487437185930075e-01 2.883339382673314244e+00
3.721938262742282566e-01 2.827638124072959336e+00
3.766389088298636167e-01 2.735775869665479032e+00
3.810839913854989214e-01 2.611121751158509863e+00
3.855290739411342260e-01 2.461843712386327709e+00
3.899741564967695862e-01 2.299104880717038668e+00
3.944192390524048908e-01 2.133899201073715002e+00
3.988643216080401954e-01 1.974399373791394074e+00
4.033094041636755001e-01 1.825178727338018891e+00
4.077544867193108602e-01 1.688236138622053906e+00
4.121995692749461648e-01 1.564599094614768093e+00
4.166446518305814695e-01 1.455245308622379108e+00
4.210897343862168296e-01 1.360960004265404644e+00
4.255348169418521342e-01 1.281628905612498093e+00
4.299798994974874389e-01 1.215685080176614585e+00
4.344249820531227435e-01 1.160066164689745438e+00
4.388700646087581037e-01 1.110631590485878561e+00
4.433151471643934083e-01 1.062875657441610500e+00
4.477602297200287129e-01 1.012834165181830004e+00
4.522053122756640176e-01 9.580399098594999385e-01
4.566503948312993777e-01 8.981997399429825224e-01
4.610954773869346823e-01 8.351969093062697747e-01
4.655405599425699870e-01 7.722849116164971495e-01
4.699856424982052916e-01 7.128137075000753331e-01
4.744307250538406517e-01 6.591326214027343200e-01
4.788758076094759564e-01 6.121727969635202271e-01
4.833208901651112610e-01 5.717389850751467550e-01
4.877659727207466211e-01 5.371236809154684710e-01
4.922110552763819258e-01 5.075919907999857372e-01
4.966561378320172304e-01 4.825373468840866709e-01
5.011012203876525906e-01 4.614057851138937405e-01
5.055463029432878397e-01 4.436021634326284269e-01
5.099913854989231998e-01 4.285067932623257692e-01
5.144364680545585600e-01 4.155804041642493507e-01
5.188815506101938091e-01 4.044516928754782747e-01
5.233266331658291692e-01 3.949021041275224686e-01
5.277717157214645294e-01 3.867424928586213340e-01
5.322167982770997785e-01 3.796505631733596009e-01
5.366618808327350276e-01 3.730651915950189412e-01
5.411069633883704988e-01 3.662083908032567336e-01
5.455520459440057479e-01 3.582469583322092643e-01
5.499971284996409970e-01 3.485404601330882035e-01
5.544422110552764682e-01 3.368749086823324967e-01
5.588872936109117173e-01 3.235748682746805716e-01
5.633323761665469664e-01 3.094346364296015062e-01
5.677774587221823266e-01 2.954974822175689964e-01
5.722225412778176867e-01 2.827902013096741940e-01
5.766676238334529359e-01 2.721318879010720670e-01
5.811127063890882960e-01 2.640695984216094305e-01
5.855577889447236561e-01 2.589014166101680225e-01
5.900028715003589053e-01 2.567021242678119153e-01
5.944479540559942654e-01 2.572988039111787084e-01
5.988930366116296256e-01 2.602191266489495280e-01
6.033381191672648747e-01 2.646899460226020406e-01
6.077832017229002348e-01 2.697579798777539062e-01
6.122282842785355950e-01 2.745457616033215031e-01
6.166733668341708441e-01 2.785841317973392628e-01
6.211184493898060932e-01 2.821147728445419500e-01
6.255635319454415644e-01 2.862468133661668079e-01
6.300086145010768135e-01 2.928730334186850914e-01
6.344536970567120626e-01 3.042926961837779110e-01
6.388987796123475338e-01 3.225519950441732009e-01
6.433438621679827829e-01 3.486122267695924148e-01
6.477889447236180320e-01 3.815817642968603596e-01
6.522340272792535032e-01 4.183392427879712994e-01
6.566791098348887523e-01 4.538355840193626922e-01
6.611241923905240014e-01 4.821413636627058241e-01
6.655692749461594726e-01 4.979754112180797554e-01
6.700143575017947217e-01 4.981843336118862431e-01
6.744594400574299708e-01 4.826026489427736044e-01
6.789045226130652200e-01 4.539517679436060327e-01
6.833496051687006911e-01 4.168363176766441969e-01
6.877946877243359403e-01 3.762838719812121591e-01
6.922397702799711894e-01 3.364542395561437860e-01
6.966848528356066605e-01 3.000071813319842851e-01
7.011299353912419097e-01 2.682283769809179486e-01
7.055750179468771588e-01 2.416097366227431265e-01
7.100201005025126300e-01 2.204167958778881775e-01
7.144651830581478791e-01 2.049279390165841541e-01
7.189102656137831282e-01 1.953395301755372626e-01
7.233553481694185994e-01 1.915545447575329185e-01
7.278004307250538485e-01 1.930812605990167019e-01
7.322455132806890976e-01 1.991170629888865951e-01
7.366905958363245688e-01 2.087286110213970591e-01
7.411356783919598179e-01 2.209780001882291067e-01
7.455807609475950670e-01 2.349055101314125593e-01
7.500258435032305382e-01 2.494044323764326720e-01
7.544709260588657873e-01 2.631226090220060154e-01
7.589160086145010364e-01 2.745299653906926318e-01
7.633610911701362856e-01 2.821944501752836065e-01
7.678061737257717567e-01 2.851710085104299242e-01
7.722512562814070058e-01 2.833179009857719199e-01
7.766963388370422550e-01 2.773691583552799211e-01
7.811414213926777261e-01 2.687035409528648611e-01
7.855865039483129753e-01 2.588962724884286137e-01
7.900315865039482244e-01 2.492411505458549392e-01
7.944766690595836955e-01 2.404353998698304240e-01
7.989217516152189447e-01 2.325299900010384668e-01
8.033668341708541938e-01 2.251182124103029702e-01
8.078119167264896650e-01 2.176376256481079852e-01
8.122569992821249141e-01 2.096404531950345207e-01
8.167020818377601632e-01 2.009384481184194604e-01
8.211471643933956344e-01 1.916050503956891471e-01
8.255922469490308835e-01 1.818755475201163097e-01
8.300373295046661326e-01 1.720092535819764956e-01
8.344824120603016038e-01 1.621763400922221487e-01
8.389274946159368529e-01 1.524165354463897226e-01
8.433725771715721020e-01 1.426858474406993149e-01
8.478176597272075732e-01 1.329616006697369179e-01
8.522627422828428223e-01 1.233380987177353921e-01
8.567078248384780714e-01 1.140487618345545212e-01
8.611529073941133205e-01 1.054020931406050021e-01
8.655979899497487917e-01 9.767851375220092114e-02
8.700430725053840408e-01 9.105045746197053258e-02
8.744881550610192900e-01 8.554978146766975544e-02
8.789332376166547611e-01 8.106125036633581027e-02
8.833783201722900102e-01 7.732000582500224428e-02
8.878234027279252594e-01 7.393053106445746092e-02
8.922684852835607305e-01 7.044764244801222930e-02
8.967135678391959797e-01 6.652310958537398233e-02
9.011586503948312288e-01 6.205075510481101314e-02
9.056037329504666999e-01 5.721231588444671001e-02
9.100488155061019491e-01 5.237916880013607918e-02
9.144938980617371982e-01 4.792427803587875901e-02
9.189389806173726694e-01 4.406093382282528365e-02
9.233840631730079185e-01 4.079930441676980768e-02
9.278291457286431676e-01 3.802369697135218191e-02
9.322742282842786388e-01 3.561454938603852982e-02
9.367193108399138879e-01 3.352410856775105141e-02
9.411643933955491370e-01 3.176288764658242308e-02
9.456094759511843861e-01 3.032156209776409525e-02
9.500545585068198573e-01 2.909276294849744149e-02
9.544996410624551064e-01 2.785026117382858463e-02
9.589447236180903555e-01 2.630313697955634702e-02
9.633898061737258267e-01 2.419897284410186394e-02
9.678348887293610758e-01 2.142622080529220374e-02
9.722799712849963250e-01 1.806867905125527848e-02
9.767250538406317961e-01 1.438816891306585882e-02
9.811701363962670452e-01 1.074314688892153737e-02
9.856152189519022944e-01 7.478113925515204180e-03
9.900603015075377655e-01 4.829451440888771901e-03
9.945053840631730147e-01 2.882046335017259681e-03
9.989504666188082638e-01 1.583942653249789841e-03
1.003395549174443735e+00 7.994567471303121913e-04
1.007840631730078984e+00 3.697074779699402545e-04
1.012285714285714233e+00 1.563501048889283590e-04
